###########
# Tempo Método CG: 0.083984375 0.0925048828125 0.093994140625 
# Tempo Resíduo: 0.0439453125 0.04482421875 0.046875 
#
# Tempo MMV: 0.030029296875 0.04222412109375 0.044921875 
# Tempo MVV: 0.0009765625 0.0012504763719512 0.002197265625 
#
# Norma Euclidiana do Residuo e Erro aproximado
#  i=1: 56.638373299973
#  i=2: 12.582040746318
#  i=3: 2.374637500171
#  i=4: 0.49220644120245
#  i=5: 0.10071761925656
#  i=6: 0.020566267922216
#  i=7: 0.0039933070631967
#  i=8: 0.00081028633106056
#  i=9: 0.00016354915281472
#  i=10: 3.2216511258752e-05
###########
1000
2.9157961399204 2.8795696642141 2.7019400631001 2.5617193018774 2.3928937395148 2.5203343088385 2.4688484938436 2.4467059092709 2.0790465919052 2.4010579951643 2.7219049823284 2.7231646118166 2.6368879321891 2.3843549875037 2.6112775959478 2.6975639005237 2.7683309812597 2.409461400477 2.3420515472878 3.3002867161349 2.8140217336271 2.7909507139951 2.885175328558 2.7244068760504 2.6050691004249 2.8516740964481 3.0618781421402 2.3927799349164 3.0103817023257 2.7211176966123 2.4775987326866 2.749767173641 2.7493424162006 2.8252791905288 2.4548974809525 2.3597117884528 2.4970297008575 2.4128400673067 2.6089891219539 2.9752594515422 2.5138717824561 2.4041141297149 2.7114008571917 2.1891262762822 2.7766399688745 2.6459686465669 2.0401383858812 2.5350386442239 2.4137633557544 2.3942257295699 2.2860697274331 2.257153518291 2.2715153282717 2.1977482566251 2.1644505108088 2.0055821424858 1.6349550886359 1.9498851359326 1.7900647497608 2.1748742714856 2.0339159920405 1.6316925921225 1.8537867540733 1.8172578816809 1.9781237783013 1.754790780049 1.777855793998 1.3611774393161 1.5647598522458 1.7617612771391 1.8054524126317 1.4777597410988 1.4076073997229 1.4718159264911 1.6488408629995 1.5482914443737 0.99117073624143 1.504685767698 1.2628614003969 1.0088348675444 1.0293448160892 1.0928140803761 0.91071986556823 1.1127058458155 1.0648159035793 0.88932962365006 0.8864390530917 0.87135099897187 0.77429647533513 0.73129812832265 0.60035354353995 0.48771164582131 0.48896982147729 0.53747353510963 0.40765389091027 0.37501316049064 0.32210838172758 0.27324039967264 0.24036095241427 0.18616649345687 0.097410220572734 0.054690169978031 -0.008411310069319 -0.076084509452868 -0.095891715171994 -0.13659335234242 -0.21066600097664 -0.28168619666291 -0.3498125751603 -0.34153014198286 -0.41212412142809 -0.42408208964871 -0.52450621859244 -0.56984564040182 -0.65519614655411 -0.70113911089358 -0.74877586621706 -0.8510700541166 -0.82555188597324 -1.0150221473446 -0.93270269019786 -0.99915080375435 -1.1501773916909 -1.0729445262857 -1.155787932788 -1.1603426900077 -1.379610554009 -1.2725999852659 -1.2880316492453 -1.5302077965532 -1.2452232158351 -1.7901675093511 -1.5186109397006 -1.3139876789787 -1.6887274723995 -1.9162871123361 -1.7210442049826 -1.9533967543687 -1.8344672495102 -2.0192887312306 -2.1145907205191 -1.7727589424685 -1.7440515365018 -2.1190354084015 -2.0511450394853 -1.7583929080159 -2.2779893397311 -2.1375189905772 -1.947323380105 -1.7903875685626 -1.886181992455 -2.0130246832905 -2.2868828896038 -1.8661613021652 -2.4200827117538 -1.9506343585864 -2.5215630151385 -2.1059899947987 -2.6052389599118 -2.3709235289652 -1.8570545122209 -2.2114981590169 -2.8809178941759 -2.1324537746386 -2.957028463391 -2.4753522488604 -1.9964456830448 -2.9423638196854 -2.3682478711133 -3.0931314453438 -2.7750907507836 -2.6513404494066 -2.7981094079546 -2.6096353775515 -2.747889079616 -2.6525720821067 -2.4260410269464 -3.1240176140269 -3.1553203838422 -2.9015940757493 -2.6439310003839 -2.3999856770356 -3.0083927386292 -2.6940874911189 -2.6536839356847 -2.4868561285983 -2.287189290168 -2.8193930423817 -2.5106557856509 -2.8354501565333 -2.7498826728884 -2.5152012041741 -2.4591959590803 -3.0188943206477 -2.4825490695927 -2.7123119470344 -3.0641485224948 -2.6437397895002 -1.7493408352411 -2.2308637004813 -2.5164874462948 -2.6073478074719 -2.6771487812991 -2.6913990693605 -2.9496310493737 -2.0810178680595 -2.470898862569 -2.5017947667089 -2.2181266565372 -2.3365158900662 -2.7163105001947 -2.4936615282002 -2.3837201033596 -2.0054387606268 -2.4051374669385 -2.3740289446355 -2.2492665264351 -2.4719943488177 -2.3773483889129 -1.4996946652171 -2.2248092783734 -1.6764957712832 -2.1972971445096 -1.674779018384 -1.7137622618727 -1.7587219307204 -2.046473857811 -1.896083221801 -1.682084149135 -1.8254571616302 -1.7714743718016 -1.6339058699707 -1.6027053025098 -1.6802640149968 -1.4382916962731 -1.3095014806596 -1.0702663832096 -1.0560492679748 -1.0593412407566 -1.1631418329021 -1.1568365807088 -1.0168164602052 -1.0122457583783 -0.98248001481613 -0.97773977549514 -0.91815781902266 -0.9659418455661 -0.71912771361029 -0.77740078487753 -0.62567289603903 -0.55147109914414 -0.49129985935479 -0.51274431026383 -0.3747886353779 -0.41017676540272 -0.32915265311041 -0.30001136913931 -0.21142967142337 -0.17118330575122 -0.1253763193118 -0.085438576312355 0.026307449480775 0.037246832659335 0.074969738732113 0.12675058589518 0.17927407406523 0.2129642003597 0.33256527014184 0.39459569413762 0.39375028823217 0.47234796206469 0.56015527158724 0.50128388271294 0.50972265305184 0.91324660544343 0.8094871944833 0.710788050417 0.89668745698508 0.85369460315081 0.84395256849682 0.94309485112943 1.0182465263392 0.96217026503123 1.2666773349288 1.2039591112969 1.1939809511175 1.4366346103446 1.2940537930872 1.2334520563892 1.8022015199296 1.4469260469112 1.366203634199 1.5777034321622 1.3977570153207 1.349690008309 1.3739745349394 1.8040516917442 1.5254131907851 1.788427874169 1.8459013514924 1.9467181564938 2.0216124098445 1.7411797758429 2.0021250133097 1.9527194953168 1.6753278589508 2.1564082281074 2.0019522490622 2.0596913725359 2.0179540208908 1.9392477240722 2.1635608774778 2.3838161707535 2.3937878924679 2.5847092855628 2.2421511299525 2.3107449215916 2.2902974950479 2.7649479263351 2.2245110648451 2.5440443577885 2.5604522721497 2.7980169361268 2.4841536798265 2.3724840624842 2.7339585174525 2.1253794943505 2.3557591673378 2.5668838352182 2.2055576703261 2.4774750826269 2.4209265784589 2.7018362717033 2.6112941140829 2.6913854187445 2.5775248995448 3.1129388406827 3.1645365383946 2.8589123200902 3.0290629634762 2.6172936462561 2.6771895752767 3.0324244051765 2.8441663810131 2.2016516167461 2.8210419370415 3.0309207116309 2.7832311638712 2.5118115990479 2.0020672811346 2.1948364222304 2.7250823367077 3.051885677166 3.2410911640919 2.6705538663201 2.1252786288034 2.4845970890329 2.7877009451211 1.955872685394 2.6879223149978 2.3358866544791 2.9126494307828 2.3973245374472 2.6953218754835 2.2865520261174 2.2015138399722 2.7533471197275 2.1415311773345 2.1582574681586 2.4209347930061 2.2002279274999 1.8547697740211 2.2036230463972 2.4571779346708 1.9970986322326 2.3471835163913 1.7037408046661 2.1824678445065 2.2326741404729 2.1241221007349 1.9441860658345 2.1209117011281 1.7283584550792 1.6321319810173 2.0299020673427 1.7420188037044 1.910721371196 1.4269296623746 2.0261253196283 1.8080526541759 1.8469766287611 1.4783639663301 1.4243650755618 1.3316699927334 1.2505704066747 1.2894406200733 1.143268301453 1.2012193428529 1.3607842267763 1.2479838368626 1.1324137902962 0.88282112447765 1.0766790750722 0.95382632531938 0.96901398157674 0.7836522445137 0.90317228590217 0.62596794179506 0.67614650810266 0.49280576560825 0.48112445439804 0.45386225199222 0.42284060995773 0.40459037890378 0.31343006383005 0.27611065145224 0.23363865701967 0.22592574635175 0.17337979075789 0.085256982271507 0.024683157195153 -0.046828906108533 -0.1248240047525 -0.13628868731914 -0.14727283125364 -0.30402018614187 -0.31402103961445 -0.39104841391275 -0.4803572777815 -0.41744928099832 -0.60043789073682 -0.53708359597308 -0.63672207464442 -0.83255227626006 -0.69139522825384 -0.76386596879225 -0.79421171289392 -0.80246921537968 -0.86471827595351 -1.0055604365825 -1.1908895035934 -1.0053047441754 -1.207246971952 -1.1777917241594 -1.3872288290757 -1.4203145480524 -1.1294526617638 -1.543896404242 -1.3699840851468 -1.5672370153913 -1.4668140559132 -1.462199148374 -1.3680421978787 -1.40034395237 -1.8157006647732 -1.4533616398357 -1.8894911924136 -1.8351834673545 -1.8055367502915 -1.6813154550202 -1.9397527561286 -2.3380062972434 -2.3691209146407 -2.1232735866161 -1.9822664877217 -1.9828662252003 -2.368871090398 -1.9600427586754 -2.4055277031172 -2.1923716462817 -1.8943764601076 -2.2916455805525 -2.573566032326 -2.662942000981 -2.4338063233143 -2.7945295156478 -2.2315492415831 -2.3689219527173 -2.5065250876051 -2.7587724857899 -2.4361512601247 -2.2683305193254 -2.3681178726298 -2.8570130060201 -2.7045114231964 -2.7626786447694 -2.8917060591509 -2.6820059189583 -2.935948710646 -2.3768294622413 -2.4005663258457 -2.5921706462962 -2.8391728424107 -2.4448668252446 -2.511779373 -3.6153111640775 -2.8762603895484 -2.7032046420929 -2.9210627765815 -2.2852980463385 -2.8202072743878 -2.449172495241 -2.2695260992631 -2.6865399570618 -2.6327143065222 -2.4570638323337 -2.9109477776225 -2.1239879479574 -2.4824846037622 -3.0168407015423 -3.2110908257821 -3.1933836314009 -2.4617456543737 -2.8671104586297 -2.4649482448499 -2.457696312905 -2.8843888047927 -2.5949106362816 -3.0075544462042 -2.0324728750153 -2.7890286476639 -2.2793967608862 -2.3623568754388 -2.4458373918732 -2.0284493808973 -2.2337040572136 -2.4115345590465 -2.858139724603 -2.2670331565819 -2.3328091809187 -2.1414185324558 -1.9357299130057 -2.0602732512448 -2.3527941100619 -2.4408778897476 -1.9480705701268 -1.8306966408877 -2.034085510789 -1.8361775440216 -1.9328640431294 -2.0566356597436 -1.5418513882993 -1.7503716523157 -1.7369547714583 -1.9209061266606 -1.7327620507483 -1.8093120747511 -1.4603520902359 -1.5219272405057 -1.6434105419688 -1.4851422951712 -1.4743096078901 -1.2438581786179 -1.4924367688946 -1.2284414081003 -1.2852787327262 -1.0367669446107 -1.2735108294173 -1.0023952378535 -1.0472544748513 -1.044531069983 -0.97726888599753 -0.96856820911626 -0.99870052437577 -0.86847039554211 -0.79321290590361 -0.72733617681586 -0.47554353335496 -0.49523811714034 -0.57985407671267 -0.47670505864468 -0.45321041566968 -0.39098321284864 -0.35232476619045 -0.24487180149858 -0.21786231884244 -0.17250010018082 -0.13024429102259 -0.074875758796149 -0.0005466568418358 0.021410042546299 0.075928943955842 0.12881897693547 0.2009652557661 0.17132348942454 0.31673739878702 0.38554223143863 0.34894893666765 0.41986915905256 0.59513370525096 0.64517230585939 0.6222436148085 0.61899589592074 0.6824640619161 0.85070729932336 0.78636573337037 0.87800910564356 1.0369541691366 1.0395933295974 1.0959950052216 0.92979632656286 0.84882722805538 1.2052179316112 1.0250682586794 1.3725177627426 1.1354591218618 1.295564569557 1.3155121108688 1.4209140215335 1.4441360797682 1.223040831619 1.7409156929041 1.7976589177172 1.6411778409006 1.5216439705492 1.4827990953901 1.7857163021957 2.0372101445645 1.5713580848212 1.7318810009336 2.3853074224389 2.2111464294921 2.1847149044375 2.2725784951053 2.403627202999 2.1152581552795 2.0645660089528 1.9531204746859 2.3811528231955 2.2338772996289 2.2879297219134 2.3509379443837 2.4104772946861 1.6071082312325 2.4179611079321 2.0663029218724 2.5506044160233 2.4458472249355 2.9034129840747 2.8643077636607 2.6993214316255 2.5487406829709 2.9301325508897 3.121926624833 2.8363695617226 2.4337602778399 2.5504879726609 2.617589610383 1.816972411152 2.7661884823204 2.8834210321967 3.13539587062 2.9213753816339 2.2071146281569 2.597049014718 2.5406166403779 2.522452932756 2.7283619119727 3.0951561505783 2.4488418717907 2.7410260426784 2.7991987418427 2.5112499878252 3.2258724060393 2.5898347783889 3.0340142182163 2.8968862681415 2.5446466932537 2.7094520623337 2.8746405957207 2.4601714172647 2.7440902516779 2.36066562891 3.04499816856 3.095532309971 2.6216627408062 2.61944330715 2.7526543102693 2.6542437987907 2.6104936528045 2.4431174045381 2.7986997804539 2.7604335221251 2.6491549831252 2.4991847906811 2.7682521497209 2.5928647345238 2.5875233143702 2.1680897867409 2.0019955640838 2.1943168211256 2.5222487437134 2.4707241323469 1.8716414323767 2.1460823958125 2.1263308125382 2.4430465560501 2.0987942925312 2.1023443934227 1.9408621640405 1.7288248073443 1.7393582676641 1.8061428412995 1.6233701243993 1.8270376399737 1.6701456413362 1.872196063967 1.6457032647863 1.5965171402266 1.7080884940386 1.3116334340653 1.4191826271845 1.3626805748874 1.3298663347445 1.3725995971239 1.2351506316075 1.3533036958721 1.2453553144919 0.90246905253938 1.0887604259303 0.81398357666218 0.99848105026472 0.81601501071668 0.84932482659796 0.86570583069364 0.7040475249289 0.67014348188022 0.68490545873442 0.68454978954264 0.58590100991008 0.45460543366708 0.43441819728573 0.46243073998805 0.35087257857456 0.29480471005184 0.19140050520039 0.11894927505337 0.091186581399274 0.043799239940182 -0.0015252337760347 -0.058476503473399 -0.13974706088072 -0.17589198720289 -0.23716704635136 -0.20855551027235 -0.28858746795368 -0.39829829953523 -0.39516494161088 -0.45096684659367 -0.61112276449996 -0.60993903701478 -0.64412970279377 -0.73921787050444 -0.53541399164326 -0.77128329410556 -0.93292694743966 -0.93297793141738 -0.87334242224788 -0.98804333674123 -0.96677558330348 -1.0822217590338 -1.1455807215211 -1.315958725911 -1.1835852484648 -1.3773873951518 -1.3377470097543 -1.4254711211651 -1.1810264441701 -1.5955299686251 -1.3192987872962 -1.8763314288264 -1.463341978204 -1.6847581998502 -1.4999045137424 -1.9496404797997 -1.8174206672203 -1.7325757385311 -2.0449152419118 -2.0417400897443 -2.0100906522899 -1.6472790227069 -1.7559484836332 -1.9350028985 -2.1927427264089 -2.1866103698497 -2.2747128072255 -2.2220695896163 -2.0896747783652 -2.1979209991658 -2.1040038793215 -2.3910848940084 -2.5708657165436 -2.2747067154135 -2.524559482766 -2.5942861480986 -2.5964553793487 -2.3903545749775 -2.5212691474133 -2.6107464915997 -2.4515074372937 -2.6708589910694 -2.9899038874439 -2.7284278037655 -2.504806249027 -2.5312522480671 -3.3000956713361 -2.7587938324792 -2.5518266552911 -2.3481772244149 -2.8066057978599 -2.8803726891895 -2.826537642876 -3.0430261139002 -2.4447992135834 -2.6749757979102 -2.4052405088699 -3.1521264114047 -2.9512701714851 -3.2719631251365 -3.2746443177101 -2.3839224317362 -2.4886758735173 -2.6312615246867 -3.6099650740055 -3.1944287467892 -2.6845694316766 -2.9361433165498 -2.9038982140203 -2.9152512374492 -2.6728182574095 -2.4217607930718 -3.002492762983 -2.2946341332938 -2.7517955903617 -2.4299674165147 -2.0581176202715 -2.8944855038503 -2.6348928486501 -2.3430913706403 -2.7271287699468 -2.5002028662626 -2.6270829489965 -2.2662509335948 -2.3466734404212 -2.5932141419047 -2.1082494315334 -2.2455208207825 -2.0927899673134 -2.3464863998135 -2.2591412012449 -2.3556070828329 -2.2772077646214 -1.5503096183513 -2.2731533323653 -1.6993342491103 -2.2652551484358 -2.1583308485859 -1.9798098003773 -1.9780077299628 -1.857681291974 -1.7140534091978 -1.5965428617273 -1.6299685735612 -1.7095618810693 -1.6458069833463 -1.7071451977129 -1.7042834904026 -1.4075375012947 -1.5428622708165 -1.4087687672222 -1.3301113790096 -1.1874712873738 -1.084831785384 -1.357021131164 -1.0851635669933 -1.2916934121953 -1.4193179759113 -0.94766593192172 -0.99815819292535 -1.0399443316961 -0.83995282801417 -0.85167587575094 -0.77253217633316 -0.82712662400022 -0.77473674109976 -0.52604079721362 -0.64633014555648 -0.61980231584619 -0.46590720125885 -0.41873056250004 -0.35663779180422 -0.36314500462401 -0.29881276131699 -0.27472329630144 -0.21170932181428 -0.16980274268703 -0.086467512046834 -0.03090160911721 0.018519112576552 0.083178380956188 0.12032605022503 0.18907343304569 0.1955932210817 0.25207360829439 0.39255004402573 0.37335453074361 0.44551727991111 0.5281421706319 0.58524025224206 0.64009281720022 0.68351224813427 0.73274038088345 0.70805846971329 0.81869601459057 0.79062119118249 0.71686217181228 1.148133268351 1.0086366209288 1.0426208815123 1.4508301016909 1.277608512758 1.2304576666794 1.3675050870212 1.4114211700893 1.0164646650886 1.4637911314845 1.4340940907174 1.3917483283279 1.3780400962823 1.4458073584593 1.8853835209667 1.5598808848735 1.6160436802598 1.9626116127036 2.0202874766437 2.0447047826343 1.8439021678746 1.5854870378923 1.7256884974911 1.6280343488585 2.0656440760563 2.2108380486534 2.2026602139543 1.6011317861967 2.1976612655268 2.1352662860957 2.1694076244984 2.3568862466204 2.4634886340475 2.0855154730503 2.0499720814515 2.6359520617553 2.453069936988 2.0505229327094 2.8563486921848 2.3504313010864 2.1213081021429 2.4977592241906 2.0286172413962 2.3514573344191 2.7619788933759 2.170628810814 3.0185895926792 2.8551479288534 3.3576996328278 2.6081335466219 2.6511899114982 2.1708546544847 2.3091466498513 2.8857301317492 2.8582394135112 2.8918461880311 2.8126442502801 2.6407083756035 2.5781033902464 2.3353763702474 3.5431144513071 2.7410316629358 3.0031623826994 2.1969424389025 2.3493073293291 2.5305008694426 2.720379776517 2.4394730781473 2.489831981869 3.2463676066539 2.6890502091601 2.4387340188264 2.1879366687615 2.4961802701622 2.9584399231568 2.8776905370625 2.18325120154 2.7859670906056 2.4057736441851 2.5818070589094 2.9799234712798 3.122087715932 2.8638144579881 2.8834215837214 
